3.2490 88.4017
35.2509 72.1158
96.4302 11.6828
15.6111 32.6439
2.1232 33.4895
3.3685 79.0899
97.9042 10.3669
62.4074 13.3063
31.3883 14.1425
2.9457 38.7031
14.2515 24.4191
91.2721 39.5062
51.1091 9.0243
2.1137 16.1596
84.5918 88.2086
18.2876 99.9026
71.6103 87.4349
48.0291 49.8185
29.1252 7.0022
26.6361 18.5397
91.8596 11.9923
0.7463 37.7796
69.5953 88.3599
59.2098 15.4465
31.9391 24.3954
0.7935 40.2892
64.6392 8.6099
77.1515 97.2799
71.3057 78.4533
23.6274 19.7794
26.3178 71.5614
97.9258 63.6248
54.6217 85.4702
80.7813 66.4096
67.3577 81.8684
96.7631 48.5109
81.4239 64.8832
30.6798 65.9013
35.5151 93.7713
48.7191 9.3886
67.3282 51.9605
22.1015 72.8892
6.7568 96.2254
21.4729 15.9775
63.4072 0.1008
33.3501 27.0843
4.6327 9.5898
40.7044 81.9288
87.2747 1.8677
72.4717 85.0113
72.8045 95.7428
65.5607 74.4743
34.7787 88.6448
34.7217 5.8754
71.8012 95.7154
19.5528 67.6225
92.9639 34.5557
59.7806 61.4769
0.4211 98.2979
89.8757 69.0848
44.2427 70.5322
61.0169 30.1238
85.8134 11.2124
29.1357 9.7482
39.3095 33.3069
94.3842 84.1753
26.2972 4.0363
0.4944 57.5662
74.3336 80.7854
63.5249 25.3503
14.6439 65.2609
94.5187 81.6808
93.0217 31.2641
27.2829 53.5349
16.2785 21.0872
21.3181 65.0137
5.2187 23.1879
66.6055 30.8762
30.5452 72.3717
94.9618 12.8093
6.5012 12.4274
16.6203 91.0575
13.7815 61.8585
26.6685 22.1055
71.1066 55.1976
94.0491 33.0427
70.5313 94.4635
58.3298 88.2886
74.7062 38.1862
72.6361 16.3493
95.6933 19.7847
77.7227 61.4132
16.2356 3.0994
28.9783 97.3065
95.0014 22.5936
96.1834 68.2205
5.6098 60.1554
39.1097 21.7413
18.5353 7.7221
0.8111 78.9067